-4.71190738677979 -1.10639142990112 0
10.7408485412598 -1.10639142990112 0
10.7408485412598 -1.10639142990112 8.20209980010986
-3.76046371459961 -1.10639142990112 8.20209980010986
-3.76046371459961 -16.5591468811035 0
-3.76046371459961 -15.6077041625977 8.20209980010986
11.6922922134399 -15.6077041625977 0
10.7408485412598 -15.6077041625977 8.20209980010986
-3.74405956268311 -1.12279570102692 -2.95275592803955
10.7244443893433 -1.12279570102692 -2.95275592803955
-3.74405956268311 -16.5755519866943 -2.95275592803955
11.7086963653564 -15.5913000106812 -2.95275592803955
